198.63,1.6789,0.79294,1.2288,0,1.6172,0,1.1525,1.0665,0.42886,0.78687,0.060819,0,0.7113,0,0,0.37569,0.48281,0,0,0.33921,0,0.32222,0,0.087815,0,0.11115,0,0,0.33426,1.2057,1.1087,2.3984,0,1.5009,2.173,0.60094,0,0.57781,0,0.70353,1.5218,0.63731,0,0,2.7137,0.47876,0.38352,0,0,0,0.55829,0.91191,0.30052,0,0,1.1771,0.27589,0,0,0.72869,1.3457,0.88333,0,0.67789,0.22155,0,0.3545,0.18022,0,0,2.351,1.0308,0,1.1457,0,0.4428,0.64615,2.7159,2.1765,0,0.52581,0.29272,0.59842,0,0.75773,0.44207,0.43544,0.30567,0.0072043,0.22163,0,0.095046,0,1.7405,0.80942,4.0806,1.8703,1.9278,0,0,0,1.2042,1.2773,0,0.38276,0.19423,0.24262,0,0.0085214,0,0.061526,0,0.17815,0,0,0.52161,0.11185,0,0,0,1.2251,0,0,0,0.58843,0.096514,0.30926,2.2025,0,1.7856,1.6213,0.68838,0,0.1377,0,0.64204,1.7021,0.55113,0.47405,0,0.1105,0,0.74744,0.4921,0,0.35188,2.5862,1.7719,0.84585,0,0,0,2.5111,0.77164,0,0,0,2.7747,0,0.21086,0.93281,0,1.5182,1.5652,1.1507,0,0.92293,0,1.5901,0,1.5997,0,0,0,0.79619,0,1.5063,0,1.9194,0.82857,0.084877,0,1.2526,2.4005,0.98055,0.30217,0.74525,2.106,0.95498,3.4279,2.2081,0.045145,1.8953,0.65529,0,0.58456,0.32753,2.7403,0.644,0,0,0,0,0,0,0,0,0,0,0,0,0,0,0,0,0,0,0,0,0,0,0,0,0,0,0,0,0,0,0,0,0,0,0,0,0,0,0,0,0,0,0,0,0,0,0,0,0,0,0,0,0,0,0,0,0,0,0,0,0,0,0,0,0,0,0,0,0,0,0,0,0,0,0,0,0,0,0,0,0,0,0,0,0,0,0,0,0,0,0,0,0,0,0,0,0,0,0,0,0,0,0,0,0,0,0,0,0,0,0,0,0,0,0,0,0,0,0,0,0,0,0,0,0,0,0,0,0,0,0,0,0,0,0,0,0,0,0,0,0,0,0,0,0,0,0,0,0,0,0,0,0,0,0,0,0,0,0,0,0,0,0,0,0,0,0,0,0,0,0,0,0,0,0,0,0,0,0,0,0,0,0,0,0,0,0,0,0,0,0,0,0,0,0,0,0,0,0,0
1.6789,197.73,0,0.010425,0,0,0,1.3294,0,1.2634,0,0.022431,0,0,0,1.2745,0,0.34649,0,0,1.1221,0.3298,0.68102,3.0374,0,0,0,1.37,0,0,0.083781,0,1.36,0.77165,0,0,0.11094,2.8224,1.1643,0.86926,1.6085,0.58866,1.9924,0.072157,0.97212,0,0,0.87015,1.086,0.82319,0.80755,1.1191,1.8961,0.046781,0.037623,1.6063,1.1143,0.85176,0.68359,0,0,2.6346,0.10929,0.05246,1.8476,0.16622,0,0.054482,0.29663,0.92278,1.0634,1.2614,0,0.0047423,1.2289,3.438,0,0,1.182,0,3.1136,1.7016,1.0406,1.0811,0.89638,1.02,0,0,0.52508,0.62818,0,0,0.75855,0.21426,0.55509,0.29572,1.4884,1.8487,0.41711,0,0.89775,0.46411,0.0084435,0.11852,0.40525,0.58721,0.3912,0.14018,0.5989,1.1942,3.7317,0,0,0.97747,1.7659,0,0.86821,1.0604,1.4022,0,0.21201,0.38365,0,0.43778,0,0.24771,0.63129,0.60997,0.23401,0,0.38246,0,1.1123,1.6007,0,0,0.45335,1.2912,0,0.60711,0,0,0.14829,1.7755,0,0,0.40658,0,0,0,0,2.451,0,0,1.5939,0.13487,0.67438,0.72691,2.12,1.5782,0.49542,0.64236,0.25749,0.41222,0.061601,0.57859,0.92163,0.03219,0,2.3302,1.3338,0,0,0.21653,0.67774,0.45288,2.085,0.79445,0.24092,0,0.57949,0,0,0.1178,1.4519,1.1907,0,0.19355,0.64047,0,1.0428,0.90096,0,0,0.8764,0,0.16699,1.379,0,1.1978,0,0,0,0,0,0,0,0,0,0,0,0,0,0,0,0,0,0,0,0,0,0,0,0,0,0,0,0,0,0,0,0,0,0,0,0,0,0,0,0,0,0,0,0,0,0,0,0,0,0,0,0,0,0,0,0,0,0,0,0,0,0,0,0,0,0,0,0,0,0,0,0,0,0,0,0,0,0,0,0,0,0,0,0,0,0,0,0,0,0,0,0,0,0,0,0,0,0,0,0,0,0,0,0,0,0,0,0,0,0,0,0,0,0,0,0,0,0,0,0,0,0,0,0,0,0,0,0,0,0,0,0,0,0,0,0,0,0,0,0,0,0,0,0,0,0,0,0,0,0,0,0,0,0,0,0,0,0,0,0,0,0,0,0,0,0,0,0,0,0,0,0,0,0,0,0,0,0,0,0,0,0,0,0,0,0,0,0,0,0,0,0,0,0,0,0,0,0,0,0
0.79294,0,200,0.53498,0.68692,0,0.0070604,0.96957,1.959,0,1.4136,0,0,0,0,0,2.3451,0.55426,0,0,0,0,0.70616,0,0,0.51467,1.1777,0.89674,0.30348,0.2676,0,0.5177,0,0.43425,0,1.5465,0.34143,0.060284,0,0,0,0.52589,1.3261,1.3747,0.23831,0,0,0,2.1615,0,0.10356,0,0.032212,0.55655,0.47827,0,1.9729,0,1.2696,0,0.7199,0,0,0.44877,0,0,2.2642,0,0.11072,0,0.032808,0.54166,0.88373,0.51918,0.77433,0.47032,1.6402,0,0,0.033638,0.37575,0,0,0,0,0.53458,0.75093,0,0,0,0,0,0.028262,0.91349,0.097995,0.46088,0.8781,0.13566,1.0674,1.1928,0,0.6935,0.27084,0.3665,0,0,0,0.42561,0,0.38751,0.040143,3.8642,0.72113,0,0.35024,0.40041,0.86617,0,0,1.7188,2.3687,0.70222,0,1.1362,0,1.3357,0,2.442,0.21278,0.043687,1.9128,0.75331,1.577,2.8628,0,0.48035,1.0214,0,0.93283,1.2645,0,0,0.85226,0.31329,0,0.34294,0.29139,0.056769,1.2836,0.065011,0,0,0,2.3245,2.3117,0,0.79051,0.47219,0.4125,1.3693,3.0347,1.1058,2.2276,1.2484,0,0,0.63043,2.2406,1.5798,1.3335,2.9042,0.82555,0.81666,0.62143,1.3704,0,0,1.0284,0.3129,1.0146,0.82203,1.0307,2.4608,0,0,0,0,0,0,0.23982,0.56689,0,2.8842,0,0,0.6985,0,0.049016,2.2627,1.1365,0,0,0,0,0,0,0,0,0,0,0,0,0,0,0,0,0,0,0,0,0,0,0,0,0,0,0,0,0,0,0,0,0,0,0,0,0,0,0,0,0,0,0,0,0,0,0,0,0,0,0,0,0,0,0,0,0,0,0,0,0,0,0,0,0,0,0,0,0,0,0,0,0,0,0,0,0,0,0,0,0,0,0,0,0,0,0,0,0,0,0,0,0,0,0,0,0,0,0,0,0,0,0,0,0,0,0,0,0,0,0,0,0,0,0,0,0,0,0,0,0,0,0,0,0,0,0,0,0,0,0,0,0,0,0,0,0,0,0,0,0,0,0,0,0,0,0,0,0,0,0,0,0,0,0,0,0,0,0,0,0,0,0,0,0,0,0,0,0,0,0,0,0,0,0,0,0,0,0,0,0,0,0,0,0,0,0,0,0,0,0,0,0,0,0,0,0,0,0,0
1.2288,0.010425,0.53498,200.97,1.381,0,0,0.72971,0,0.17432,0.34164,0.11455,0,0.74198,0.63774,0,0.27514,0.62938,1.7507,2.1593,0.30991,0.3752,1.8505,0,1.175,0.33531,0,1.6458,0,0.34013,0,1.231,0,0.84803,0,2.3785,0,0.77183,0,0,0,0.10283,0,2.0163,0.9997,1.8293,0.63728,0.90683,1.8495,0,0.14923,0,0.33437,0,0,1.8948,0,0,0.26054,0,0,0.76777,1.0607,0.51262,0.74327,0,0,0,0.23507,1.5654,0,1.0453,0.30661,0.2342,0,0,0,2.8062,0.047647,0,0.010845,0,0.019332,0,0.02678,1.7928,1.4015,2.248,0,0.94109,0,4.0981,0,0.84928,1.0333,1.3639,0,1.0407,0.026313,0,2.9858,1.3571,0.4224,0.32548,0,0,1.5883,0.82331,0,0,1.1386,0,0.95408,0,0,0.71953,0.33294,1.4407,0.28781,0,0.51567,0,0.43104,0,2.1964,1.6154,1.3951,0.59569,2.3163,0.15448,2.6565,0,1.5943,1.5802,0,0.19041,0.32124,0.76773,0,0.52381,0.43122,0,0.76988,1.102,1.6522,1.5565,0,0,0.77654,0.78332,0,0,0,0,0.82312,0,0,1.0929,0.87933,0,0,0.82828,0.30911,1.1792,0,0,1.2054,0,0.77886,0.76547,0,1.4869,0,0.17703,0.35093,1.3084,1.2501,0,0.74862,1.6977,0,0,1.0433,2.4942,1.3333,0,3.4904,1.0213,0,0,1.2216,0.23859,0,0.31478,0.13796,0,0,0.25624,0,0.71579,0,0,0,0,0,0,0,0,0,0,0,0,0,0,0,0,0,0,0,0,0,0,0,0,0,0,0,0,0,0,0,0,0,0,0,0,0,0,0,0,0,0,0,0,0,0,0,0,0,0,0,0,0,0,0,0,0,0,0,0,0,0,0,0,0,0,0,0,0,0,0,0,0,0,0,0,0,0,0,0,0,0,0,0,0,0,0,0,0,0,0,0,0,0,0,0,0,0,0,0,0,0,0,0,0,0,0,0,0,0,0,0,0,0,0,0,0,0,0,0,0,0,0,0,0,0,0,0,0,0,0,0,0,0,0,0,0,0,0,0,0,0,0,0,0,0,0,0,0,0,0,0,0,0,0,0,0,0,0,0,0,0,0,0,0,0,0,0,0,0,0,0,0,0,0,0,0,0,0,0,0,0,0,0,0,0,0,0,0,0,0,0,0,0,0,0,0,0,0,0
0,0,0.68692,1.381,199.89,0.30395,0.91638,1.734,0.53252,0,0.038509,0,1.785,0.52767,1.1082,0,0.37856,1.5897,0.52638,0.18974,0,0,2.71,2.5104,2.1672,0.13153,0.88869,0,0.68526,1.6901,0.66546,0,0.86768,0,0,0.4163,0.75923,0.9901,0,0.21567,1.4194,0.13987,0,0.1394,0,0,0.34928,1.8361,0.0196,0,0.034433,2.0544,0,0,0,0,0,0.70315,0.022363,1.3639,0,0.48411,0.97375,0.90577,0,1.5343,2.1315,1.5812,0.88012,0.94124,1.0487,0.21726,1.0978,0.47932,2.2857,1.2008,1.7807,0,0,0.97653,0,0.6027,0,0,0,2.0489,0,1.481,0,0,0,0.30982,0.57534,0.6236,2.8585,0,0.97275,1.3081,0.94452,1.3318,0,0.41103,1.6973,0,1.2865,0,0,0,0.43717,0.051889,1.3362,2.5335,1.8064,0,0,0,0,1.6299,1.6656,0.93466,0,0,1.3274,0,0.92991,2.9516,0.085403,1.554,0,0,0,0,2.1506,0,0.82947,0,0.69914,0.94337,0.8976,0.10674,0.79872,0.31535,0,0,0,0,0,0.48092,2.0181,0.23057,0.73573,1.3011,0.21206,0.41591,0,0,0.41587,0,0.31742,0,0.66923,0.23285,1.5544,0.37983,0.41052,0.010952,0,0.25214,0,1.0081,0,0.21727,1.1006,0,0,1.0378,0,2.793,0.9689,0.19325,2.1899,0.28326,1.72,0,0,0.24619,2.4231,0,1.7427,0.86566,0.30805,2.5069,0,0,2.0819,0.64885,0,0,0,2.0543,0,0,0,0,0,0,0,0,0,0,0,0,0,0,0,0,0,0,0,0,0,0,0,0,0,0,0,0,0,0,0,0,0,0,0,0,0,0,0,0,0,0,0,0,0,0,0,0,0,0,0,0,0,0,0,0,0,0,0,0,0,0,0,0,0,0,0,0,0,0,0,0,0,0,0,0,0,0,0,0,0,0,0,0,0,0,0,0,0,0,0,0,0,0,0,0,0,0,0,0,0,0,0,0,0,0,0,0,0,0,0,0,0,0,0,0,0,0,0,0,0,0,0,0,0,0,0,0,0,0,0,0,0,0,0,0,0,0,0,0,0,0,0,0,0,0,0,0,0,0,0,0,0,0,0,0,0,0,0,0,0,0,0,0,0,0,0,0,0,0,0,0,0,0,0,0,0,0,0,0,0,0,0,0,0,0,0,0,0,0,0,0,0,0,0,0,0,0,0,0
1.6172,0,0,0,0.30395,199.35,0.56616,0,0.1476,1.6382,0,0.20152,1.6999,0.53418,1.3967,0,2.8403,0,0.64206,1.1434,2.8704,0.22462,0.21913,0,2.6467,0.74783,1.3511,0.54982,2.2979,0,0,0.36464,0.96773,0.43693,0.28558,1.1667,1.5842,0.17787,0,0,0.88792,0.80937,0.4571,0.6428,1.8262,0,3.1912,0,0.43767,0.35906,0.81406,0,0,2.402,0,2.093,0,1.4034,0.23075,0.19217,0.024839,0.57644,0,0.44691,0.73201,0.42305,0,0.86881,0.46784,1.0311,0.44747,1.6136,0,1.4119,0,0.64139,0.54997,0,3.4273,0.037281,1.255,0.14547,2.2604,1.0901,0,0.26352,0,1.5202,0.081378,0.62625,0,0.0019735,0,0.54224,0.018958,0,1.083,0.036649,0.9075,0.0037816,0,0,0.12802,3.8033,0.015957,0.28365,0,0.11908,0.32558,0.43154,0,2.0588,0.96042,1.736,0,0,1.6528,0.56116,0,0.79313,0,0,0,1.215,2.1844,0,1.012,0,0,0.48402,0.89344,0,0,0.51942,0,0.52092,0.068196,0.44823,1.0962,0,1.0189,2.4786,0.99374,0.6541,0,1.3101,0.52898,0.84583,0,0.99201,0.45171,0,0.50847,1.3837,2.9223,2.1973,2.1298,0.62862,0.14363,0,0,0,1.4889,0,1.5439,0.012096,0.90436,2.9588,0,0.6803,0.27774,1.2194,1.7554,1.7751,1.4228,2.8695,1.1051,2.1949,0,0,0.57168,0.23448,0.07982,0,0,0.60435,1.284,1.0813,2.001,0.78476,0,1.6804,1.0363,0,0.31196,1.4234,0.25145,0,0.40554,0.64434,0,0,0,0,0,0,0,0,0,0,0,0,0,0,0,0,0,0,0,0,0,0,0,0,0,0,0,0,0,0,0,0,0,0,0,0,0,0,0,0,0,0,0,0,0,0,0,0,0,0,0,0,0,0,0,0,0,0,0,0,0,0,0,0,0,0,0,0,0,0,0,0,0,0,0,0,0,0,0,0,0,0,0,0,0,0,0,0,0,0,0,0,0,0,0,0,0,0,0,0,0,0,0,0,0,0,0,0,0,0,0,0,0,0,0,0,0,0,0,0,0,0,0,0,0,0,0,0,0,0,0,0,0,0,0,0,0,0,0,0,0,0,0,0,0,0,0,0,0,0,0,0,0,0,0,0,0,0,0,0,0,0,0,0,0,0,0,0,0,0,0,0,0,0,0,0,0,0,0,0,0,0,0,0,0,0,0,0,0,0,0,0,0,0,0,0,0,0,0,0
0,0,0.0070604,0,0.91638,0.56616,200,0.23708,0.86559,0.99062,0.7448,0,1.3618,0,1.0172,0,0,0,0.90597,0.41896,0,0,0.53767,1.1295,0,1.0999,0.93828,0,0,0.75055,0.49157,2.3228,0,0,0.76383,0,0.52848,0.59969,0.30961,1.693,0,0,0,0.08446,0,2.4469,0,0,0,0.69567,0,1.0107,2.139,0.50333,1.0513,0,0,0.71666,0.92381,0.78824,1.2807,0,0.79376,1.0041,0,0,0,0.020516,0.26496,0.30116,0,0,0,0,0.1105,0.29222,0.34902,0.29456,0.20518,0,0,3.3782,1.0838,0.46053,0,0,0,1.0572,3.5289,1.1143,0.40777,1.2152,0,0,0,0.55198,0.38905,0.015217,1.0086,0.71592,2.1681,0,1.0759,1.4109,0.41453,0.98961,1.8758,0.7457,0,0.89731,0.36908,0.98493,0.79257,0.8494,0.039236,0.95448,0,0,0,0.5736,0.014394,0.96646,1.2523,0.13236,0,0.23881,0.97786,1.8797,0,0.91317,0.40194,0,0,0,0.41576,0.57475,0.65316,0.24546,0,1.0458,0.63043,1.3475,0.39159,1.1401,0,0,1.9674,0,0.69272,0.12956,1.8807,0,0,0.9324,0.58614,0,0.033902,1.593,0,0,1.9999,0,0,0.72659,0,0,0.24278,0.15218,0,1.6202,1.4881,0,2.4334,0,0.38748,0,0,1.4562,0.4322,0.26038,2.6427,0,0.3794,0.91714,0.18632,1.113,0,0,0.46011,0,0,0.22875,2.1992,0,0,0,0,1.7729,0.39984,0,0,0,0,0,0,0,0,0,0,0,0,0,0,0,0,0,0,0,0,0,0,0,0,0,0,0,0,0,0,0,0,0,0,0,0,0,0,0,0,0,0,0,0,0,0,0,0,0,0,0,0,0,0,0,0,0,0,0,0,0,0,0,0,0,0,0,0,0,0,0,0,0,0,0,0,0,0,0,0,0,0,0,0,0,0,0,0,0,0,0,0,0,0,0,0,0,0,0,0,0,0,0,0,0,0,0,0,0,0,0,0,0,0,0,0,0,0,0,0,0,0,0,0,0,0,0,0,0,0,0,0,0,0,0,0,0,0,0,0,0,0,0,0,0,0,0,0,0,0,0,0,0,0,0,0,0,0,0,0,0,0,0,0,0,0,0,0,0,0,0,0,0,0,0,0,0,0,0,0,0,0,0,0,0,0,0,0,0,0,0,0,0,0,0,0,0,0,0,0,0
1.1525,1.3294,0.96957,0.72971,1.734,0,0.23708,200,0,0,1.944,0,0,0.82474,0,0.40909,0.88352,0,0,0,0.18495,2.7363,0.25365,0.6353,1.2782,0.28628,0.01422,0.3412,0,0.4134,0,1.0645,0.96804,0.34453,1.3385,0,0,0,0,0.040641,0,1.3149,0,1.4978,0.14906,0.7038,0,1.4763,0.45594,0,0,0,0,0,1.1076,0.016321,0,0.66209,0,0.74794,0,0,0.5775,2.6413,0,0.31283,0.42462,0.22638,0,0.4204,1.2925,1.2855,0,0,1.5713,2.1963,0.063631,0,0,1.8817,2.4417,0.084594,0,1.0397,1.1208,0,0,1.098,0.42631,3.6145,0.36623,0.79881,0.71439,0.18832,0.21705,0.38084,0,1.578,0,0.31495,1.5596,1.0296,0,0,1.7444,0.072413,3.5766,1.7181,0,0,1.6473,0.88746,0,0.9962,0,1.3718,1.1624,0,0.27042,2.0887,1.7532,3.6887,0,0,4.0746,0,1.1221,0,0.43885,1.0041,0.7829,0,0.012423,1.0058,2.5897,0,0.69807,1.2601,1.0852,0.63243,0,0,0,0.51082,0.44849,0,0.17713,0,0.76376,0.86568,0.094118,1.2274,1.9978,0,1.7088,0.083662,1.6333,0.39734,0,0.72085,1.7608,0.49402,0,0,0,0.40672,0.25802,0,0.21183,0.74064,0,0.045236,1.2056,1.7882,0,0,0.30991,0.11189,0.57762,0.34578,0,2.4956,0,0.32679,1.355,0.96164,0,0,0,0.59661,0.19378,0,0.87954,2.4782,1.1643,1.6208,0,0,0.63873,1.1799,0,0,0,0,0,0,0,0,0,0,0,0,0,0,0,0,0,0,0,0,0,0,0,0,0,0,0,0,0,0,0,0,0,0,0,0,0,0,0,0,0,0,0,0,0,0,0,0,0,0,0,0,0,0,0,0,0,0,0,0,0,0,0,0,0,0,0,0,0,0,0,0,0,0,0,0,0,0,0,0,0,0,0,0,0,0,0,0,0,0,0,0,0,0,0,0,0,0,0,0,0,0,0,0,0,0,0,0,0,0,0,0,0,0,0,0,0,0,0,0,0,0,0,0,0,0,0,0,0,0,0,0,0,0,0,0,0,0,0,0,0,0,0,0,0,0,0,0,0,0,0,0,0,0,0,0,0,0,0,0,0,0,0,0,0,0,0,0,0,0,0,0,0,0,0,0,0,0,0,0,0,0,0,0,0,0,0,0,0,0,0,0,0,0,0,0,0,0,0,0
1.0665,0,1.959,0,0.53252,0.1476,0.86559,0,200,0.52572,0,0.86904,0.3596,0,0,0.20949,0.85744,0,0,0,0,0,1.5773,0,0.22808,0,0,0.55876,1.4415,0.95425,0.35009,0.26957,0,0,0.36281,0,0,0,0,0.69621,1.3177,1.2253,0.43675,0,0.7973,1.6182,0,0,0,1.6116,2.2564,0,0.69524,2.4852,0,1.7562,0,0,0.043531,0,1.915,1.3592,0.48019,0,1.1714,0,0.33989,0,1.258,0.22395,3.3417,0,0,1.8141,1.9006,0.093075,0.32991,0.098692,1.4423,0.94353,0,0,0.9293,0,2.2349,0,1.3061,1.3661,1.1771,0.99625,1.6184,0,0,0,0,0,3.4932,0,0.42261,0,0,0.44174,0.078539,0.84465,0.21257,0.88551,2.4285,0,0,0.95194,0,1.33,0.58398,0,0,0.022009,2.0682,0,0.74983,0.47437,0,0,0.91087,1.8826,0.95061,0,2.4493,0.99617,0,0,0,0.77375,0,0,0.63066,0.57405,0,0.99772,0,0.70583,0,0.89542,0.26653,0,0.82237,0,1.1677,1.0971,1.3946,0,0,0.40196,1.6826,0.045249,0,0,1.8353,0,0.17537,0.21128,0.51257,0,0.86343,0,0.44368,0.39337,0.98336,0,0.59486,1.1711,0,0.13723,0.067928,0.26661,0.03297,0,0.80947,0,1.2681,1.0401,1.9627,0.028165,1.2392,0,0,0.2236,0.12714,0.10617,0.71602,0.83505,0,1.8582,0.48565,0,0,0.26866,0,0.85016,0.16237,1.2184,0,0,0,0,0,0,0,0,0,0,0,0,0,0,0,0,0,0,0,0,0,0,0,0,0,0,0,0,0,0,0,0,0,0,0,0,0,0,0,0,0,0,0,0,0,0,0,0,0,0,0,0,0,0,0,0,0,0,0,0,0,0,0,0,0,0,0,0,0,0,0,0,0,0,0,0,0,0,0,0,0,0,0,0,0,0,0,0,0,0,0,0,0,0,0,0,0,0,0,0,0,0,0,0,0,0,0,0,0,0,0,0,0,0,0,0,0,0,0,0,0,0,0,0,0,0,0,0,0,0,0,0,0,0,0,0,0,0,0,0,0,0,0,0,0,0,0,0,0,0,0,0,0,0,0,0,0,0,0,0,0,0,0,0,0,0,0,0,0,0,0,0,0,0,0,0,0,0,0,0,0,0,0,0,0,0,0,0,0,0,0,0,0,0,0,0,0,0,0,0
0.42886,1.2634,0,0.17432,0,1.6382,0.99062,0,0.52572,200,1.1641,0.65839,0.56509,0,0.080372,0.47601,0,1.3527,0.74453,2.1174,0,0,1.5071,1.583,0.94848,1.8846,0,0,0.11119,0.41759,0.32821,0,0,0,0.0060576,0,0,0,1.4992,2.302,0,0.49367,0.39916,0,1.9374,0,1.2226,1.4639,0,0.3616,0.95445,0,0.21848,2.0629,2.0907,0,1.2245,0.69612,0,0.6603,1.11,1.1712,0,0.60648,0.1855,0.71977,0.23602,0.17398,0.73291,1.1736,0,0.15326,0,0.63639,0.9953,0,0,1.2508,1.4231,0.61855,0.50897,0,0.91273,0.41699,0.29103,1.4036,0,0,0.081906,0.16095,0.60834,0,0,3.1873,0.31551,0,0.70729,0,0.18004,0,0.64808,2.6938,0,0.17978,0.12198,0,1.3828,1.1649,0,1.0861,0,0.94797,0.8954,0,1.6492,1.8959,0,0,2.4705,0,0,0,1.9842,0.76988,0.74247,0.18368,0,0,0.59013,3.6307,0.53353,2.2505,0,0.38928,0.67838,1.1885,0,0,0,0.7478,0.21669,0,0.80144,0.63368,0,4.4595,0,0.10364,0.68787,1.5512,0.6917,0,0.37549,0.15818,0.99951,1.0607,1.1591,0.11989,0.098152,0,2.2577,0.56854,0.28345,1.0867,1.3848,0,0,1.6319,0.49294,2.6679,1.1247,1.0171,0,0.87223,1.9668,0,0,0,0.18336,1.6073,0.99529,0.96452,0,0.59531,0.51322,0.85964,0,1.2467,0,0,0,0.58127,1.0426,0.1242,1.6386,0,1.0307,1.8869,0.95287,0,0,0,0,0,0,0,0,0,0,0,0,0,0,0,0,0,0,0,0,0,0,0,0,0,0,0,0,0,0,0,0,0,0,0,0,0,0,0,0,0,0,0,0,0,0,0,0,0,0,0,0,0,0,0,0,0,0,0,0,0,0,0,0,0,0,0,0,0,0,0,0,0,0,0,0,0,0,0,0,0,0,0,0,0,0,0,0,0,0,0,0,0,0,0,0,0,0,0,0,0,0,0,0,0,0,0,0,0,0,0,0,0,0,0,0,0,0,0,0,0,0,0,0,0,0,0,0,0,0,0,0,0,0,0,0,0,0,0,0,0,0,0,0,0,0,0,0,0,0,0,0,0,0,0,0,0,0,0,0,0,0,0,0,0,0,0,0,0,0,0,0,0,0,0,0,0,0,0,0,0,0,0,0,0,0,0,0,0,0,0,0,0,0,0,0,0,0,0,0,0
0.78687,0,1.4136,0.34164,0.038509,0,0.7448,1.944,0,1.1641,200,0.33343,0.40806,0.2104,0,1.1118,0,0,1.8665,0,0.47285,1.196,0,1.7972,0.35813,0.42482,1.8821,0.83243,0,1.3037,0.83126,0.11366,1.4089,0.9949,0,2.3674,2.1792,1.5672,0.83509,0,1.5127,0.7291,0.098827,0,0.46795,0.99023,1.008,0.67448,0.013087,0,1.6992,0.76008,0.21118,0.5234,1.5515,0,0.17511,0.77952,0.094803,0,0,0.83339,1.0601,0,1.334,0.29318,0,0,0,2.0167,0,1.3944,1.1769,0,1.6398,1.4598,0,0,0,0.008107,0,0,1.4148,0.38741,0,0.82467,0.067738,0,0.12159,0.041888,1.9241,0.11577,0,0,2.9824,0,1.0797,0.7846,0.45573,0.3011,0,1.8029,0.32467,0.78385,0.57261,0.28388,0.74709,1.7766,2.117,0.76501,0.19646,0.4347,0,0,0,0,0.68049,0,1.604,2.5522,1.1909,0,0.60433,0,0,1.2457,0.56055,0,0,2.0661,0.16035,0.2084,0.62454,2.7118,0,0.35443,0.28724,0,0.75703,0.74928,0.31188,2.1192,1.502,0,0,0.70987,0,1.5889,1.2543,0.55516,0,0.19723,0,0.21919,1.0957,0.25088,0.26007,0,0,0.26406,0,0.53298,2.2063,0.93981,3.5841,1.8081,0.083173,1.9505,0.41059,0,0,1.4547,0,1.8786,1.6013,0,0,0,0,0,0,2.3879,0.034098,0.75627,0.93706,0.36346,1.6227,0,1.4393,0,0,0.36775,0,0,0.8265,0.97569,0.11352,1.4238,2.0048,0.64396,0,0,0,0,0,0,0,0,0,0,0,0,0,0,0,0,0,0,0,0,0,0,0,0,0,0,0,0,0,0,0,0,0,0,0,0,0,0,0,0,0,0,0,0,0,0,0,0,0,0,0,0,0,0,0,0,0,0,0,0,0,0,0,0,0,0,0,0,0,0,0,0,0,0,0,0,0,0,0,0,0,0,0,0,0,0,0,0,0,0,0,0,0,0,0,0,0,0,0,0,0,0,0,0,0,0,0,0,0,0,0,0,0,0,0,0,0,0,0,0,0,0,0,0,0,0,0,0,0,0,0,0,0,0,0,0,0,0,0,0,0,0,0,0,0,0,0,0,0,0,0,0,0,0,0,0,0,0,0,0,0,0,0,0,0,0,0,0,0,0,0,0,0,0,0,0,0,0,0,0,0,0,0,0,0,0,0,0,0,0,0,0,0,0,0,0,0,0,0,0
0.060819,0.022431,0,0.11455,0,0.20152,0,0,0.86904,0.65839,0.33343,200,0.30047,0.55479,3.1608,0.97648,0.45316,0.96018,0,0.5219,0.64382,1.5113,0.34334,0.50431,0.91965,1.4874,0,0,0.77809,0,0,1.0975,0.46458,0,0.48959,0,0,0,0.42606,2.2437,1.2953,0,0,0,0.52626,0.42808,0,0,1.1147,0.063557,0,0.53945,1.3634,1.378,0.27529,0.27301,0,2.0581,0,0.07519,0,0,0.41872,0,0,1.9604,0,0,0,0.50159,0,1.8877,0,0.7056,0.35333,0.050923,1.3898,2.4434,0.26755,0.54472,2.164,0.333,1.5168,0.13491,0,0,3.2029,0.39899,0.94229,2.6855,0.34321,0,0.14733,0,1.6087,0,0.11441,0.8515,0,0.56043,0,0,1.2436,0,1.5321,0.75974,0,0.15902,0.28388,0,0,0,0,0.99727,0,0,0.48786,0,0.077107,1.1867,0,0.88399,0.30038,0.26525,0.62197,0.31745,0,0,1.6214,0,0.82236,1.125,0,0,0,0,0,0,0.20123,0.29479,0,0.3134,0.061889,0,0,0.36103,0.96419,0,0,0.65811,0.11639,0,0.99594,0.87727,0,2.508,0,2.0582,1.2793,0.95178,0.28554,0.071056,0.78303,0.27183,0.59232,0,0.69967,0.53727,0.52966,1.1481,0,0.90113,2.4289,0.94024,0.58854,0.62702,1.4631,0.22156,0,0.72331,0.414,2.5442,0,3.9582,0,0,1.1252,0.058423,0.84349,0,0.67,0.81763,0,1.5151,0.2503,0,0.93239,0.046801,2.4301,0.79546,0,0,0,0,0,0,0,0,0,0,0,0,0,0,0,0,0,0,0,0,0,0,0,0,0,0,0,0,0,0,0,0,0,0,0,0,0,0,0,0,0,0,0,0,0,0,0,0,0,0,0,0,0,0,0,0,0,0,0,0,0,0,0,0,0,0,0,0,0,0,0,0,0,0,0,0,0,0,0,0,0,0,0,0,0,0,0,0,0,0,0,0,0,0,0,0,0,0,0,0,0,0,0,0,0,0,0,0,0,0,0,0,0,0,0,0,0,0,0,0,0,0,0,0,0,0,0,0,0,0,0,0,0,0,0,0,0,0,0,0,0,0,0,0,0,0,0,0,0,0,0,0,0,0,0,0,0,0,0,0,0,0,0,0,0,0,0,0,0,0,0,0,0,0,0,0,0,0,0,0,0,0,0,0,0,0,0,0,0,0,0,0,0,0,0,0,0,0,0,0
0,0,0,0,1.785,1.6999,1.3618,0,0.3596,0.56509,0.40806,0.30047,200,0.44083,2.2271,0,0.026085,0,0.32597,0.71961,0.10311,0,0.47917,0.59547,1.9481,0.38121,0,1.0328,2.2957,0,0.8946,0,0.42109,0,0,0,0,0.032351,1.7336,0,0,0,2.1351,0.57901,0,1.4623,0.19965,0,0.13195,0,0,0,1.3045,1.4995,0.72669,0.61737,0,1.0296,1.0967,0.21308,0,0.40686,1.9683,0.3959,0.060637,0.45944,0.62146,1.7747,1.8995,0.38875,2.7155,0,0,0,0,0,0,0,0,0.22825,0.032711,0.99854,0,0,0.88416,2.6778,0.92395,0,0.90313,0,1.7898,0,0.4142,1.6971,0.9153,0.2876,0.46248,0,0.44287,0.61688,0,3.7301,0,0.62131,0,0.078174,0.34956,0,1.6097,1.8287,0.61462,0,0,0.5091,0,1.3203,0.35541,0.62657,0.21914,0,0,0.65657,1.5533,0.23846,0,0.64649,1.3788,0,0.25219,0,0.2979,0.70804,0,1.0819,0,2.2794,1.8112,0,0.46582,0.77884,0.49344,0,2.1449,0.57731,0,0.83802,0.45092,0,0.23397,0.88649,0.13295,0.85614,0.23842,1.4418,1.3289,0,0.11183,1.2603,0.75838,0,1.4728,0,1.0226,2.1166,0.35089,2.8103,0,0,1.238,0.39573,1.344,0,1.3628,1.2348,0.20318,0,0,2.0292,0,0.76104,0.47114,1.5344,0.1122,1.2471,0.066325,0,0.016834,1.7393,0,0,0.12042,0,0.028031,0.072098,0.33897,0.47265,0.34122,1.5876,0.96059,0.932,0,0,0,0,0,0,0,0,0,0,0,0,0,0,0,0,0,0,0,0,0,0,0,0,0,0,0,0,0,0,0,0,0,0,0,0,0,0,0,0,0,0,0,0,0,0,0,0,0,0,0,0,0,0,0,0,0,0,0,0,0,0,0,0,0,0,0,0,0,0,0,0,0,0,0,0,0,0,0,0,0,0,0,0,0,0,0,0,0,0,0,0,0,0,0,0,0,0,0,0,0,0,0,0,0,0,0,0,0,0,0,0,0,0,0,0,0,0,0,0,0,0,0,0,0,0,0,0,0,0,0,0,0,0,0,0,0,0,0,0,0,0,0,0,0,0,0,0,0,0,0,0,0,0,0,0,0,0,0,0,0,0,0,0,0,0,0,0,0,0,0,0,0,0,0,0,0,0,0,0,0,0,0,0,0,0,0,0,0,0,0,0,0,0,0,0,0,0,0,0
0.7113,0,0,0.74198,0.52767,0.53418,0,0.82474,0,0,0.2104,0.55479,0.44083,200,0.29966,0.9401,0.094266,0,0,0,0,0,0,0,0,0,0,0,0,0,1.5015,1.1342,0.36082,1.0677,0,0.71725,0,2.412,0,0,0.43408,0.53418,0,0.86403,0.6022,1.9702,0.90865,0.73483,0.13796,2.8313,1.3696,0,0,1.6745,0.57299,0,0,0,0.50322,0,1.0307,0.74557,0.029819,0,1.3568,0.70032,0,0,1.0787,1.7187,0.68057,0,0,0.51184,1.6048,0.29353,3.0498,0.453,0,0.10641,0.52122,0,2.1855,0.17259,0,0,0.45477,0,0.015989,0,0,0.68852,1.7534,0.69991,0.21537,0,1.0662,0.29457,0.10019,1.1367,1.2323,0,1.1242,0.7903,0.42288,1.8217,0,0,1.2017,0,1.9409,1.1132,1.1209,0.037484,1.0826,1.192,1.4038,0.51878,0,1.3259,0,0.040341,0,0.60676,1.8166,0,0,1.0598,0,0.29912,1.1282,1.0787,1.7024,0.90227,0.54339,1.849,1.1424,0.21301,1.8515,0,0.94496,1.1969,0,1.8842,0.023284,0.93897,0,2.9414,0.56841,0.8618,0.18702,0.43848,1.6381,1.7959,1.9334,1.1758,0,0.35158,0,0.75776,0.83668,0,0,0,0,0,1.5397,0,0,0,0,1.1924,0,1.337,2.2107,0,0.4656,0.25838,0,0,1.0988,0,1.4314,0,1.34,0,0,0,0,0,0.94419,0.17599,0,1.7054,2.9658,1.8722,0.81244,0.086538,3.348,0,0,0,0,0,0,0,0,0,0,0,0,0,0,0,0,0,0,0,0,0,0,0,0,0,0,0,0,0,0,0,0,0,0,0,0,0,0,0,0,0,0,0,0,0,0,0,0,0,0,0,0,0,0,0,0,0,0,0,0,0,0,0,0,0,0,0,0,0,0,0,0,0,0,0,0,0,0,0,0,0,0,0,0,0,0,0,0,0,0,0,0,0,0,0,0,0,0,0,0,0,0,0,0,0,0,0,0,0,0,0,0,0,0,0,0,0,0,0,0,0,0,0,0,0,0,0,0,0,0,0,0,0,0,0,0,0,0,0,0,0,0,0,0,0,0,0,0,0,0,0,0,0,0,0,0,0,0,0,0,0,0,0,0,0,0,0,0,0,0,0,0,0,0,0,0,0,0,0,0,0,0,0,0,0,0,0,0,0,0,0,0,0,0,0,0,0,0,0,0,0
0,0,0,0.63774,1.1082,1.3967,1.0172,0,0,0.080372,0,3.1608,2.2271,0.29966,199.93,0,0,0,0,0.20665,0.49599,0,0,0.093399,0,0.78592,3.8425,2.2626,0.58247,0.93746,0,0.31163,1.0554,0.85672,0.061244,0.96193,0,0,0.70267,1.3909,1.8636,1.3657,0,0.17465,0,0.8247,1.4363,0.12867,0,1.4916,1.0719,0,0,0,0,0.063433,1.1657,0.28284,0,0.49907,0.85229,0,0,0.17405,0,0.64258,0,1.0459,0.22651,0,0,0,0.6276,0.11202,3.0421,0.3166,0,0,0,0,1.6301,0,0,1.3135,0,0,0.61268,1.4298,0,0.37052,0,2.4012,0.6031,0,0,0,0,0,0.80597,0,0.9263,0.46973,0,3.3102,0.70643,0.49723,0,0.91914,0.59053,0.50856,1.9901,0.28727,0.7272,1.3795,0.14074,0,0,0.14232,0.78681,0.30676,0.16464,0.99693,1.0241,1.0307,0.89657,1.9053,0,0.055035,0,1.7626,0.16201,2.7707,1.7557,0.46248,0,0,0.0065474,1.5821,0.30476,1.8563,0,0.35909,0.23613,0.17245,0,0,0,1.7708,1.3696,1.6736,4.9724,0,0.40831,0.33253,1.6561,0.86721,0.57123,1.3262,0,0.76014,2.3997,0.2306,0,0.70462,0.73763,0,0.32633,1.5271,0.42647,0.61509,0,1.2113,0,0,0.44504,1.9188,0.024207,0.28007,1.1304,0,1.5445,0,0.12333,0,0.22127,0.30782,0,0.60909,0,0,0.21813,0,0.012906,0,0,0,0,0,2.5333,0,0,0,0,0,0,0,0,0,0,0,0,0,0,0,0,0,0,0,0,0,0,0,0,0,0,0,0,0,0,0,0,0,0,0,0,0,0,0,0,0,0,0,0,0,0,0,0,0,0,0,0,0,0,0,0,0,0,0,0,0,0,0,0,0,0,0,0,0,0,0,0,0,0,0,0,0,0,0,0,0,0,0,0,0,0,0,0,0,0,0,0,0,0,0,0,0,0,0,0,0,0,0,0,0,0,0,0,0,0,0,0,0,0,0,0,0,0,0,0,0,0,0,0,0,0,0,0,0,0,0,0,0,0,0,0,0,0,0,0,0,0,0,0,0,0,0,0,0,0,0,0,0,0,0,0,0,0,0,0,0,0,0,0,0,0,0,0,0,0,0,0,0,0,0,0,0,0,0,0,0,0,0,0,0,0,0,0,0,0,0,0,0,0,0,0,0,0,0,0,0
0,1.2745,0,0,0,0,0,0.40909,0.20949,0.47601,1.1118,0.97648,0,0.9401,0,199.3,0.24436,1.4331,1.4594,0.41769,0,0.14144,0.16565,0.64636,1.2247,2.8006,0,0,1.6423,0,1.0078,1.3334,1.0071,0,0,0,0.35384,0.70238,0.076519,0.73787,0.12037,1.7211,1.8735,0.2718,0.15446,2.6705,0.30489,0.35798,1.045,0.33595,0,3.1468,0,0.72993,0,0.67796,0.15,0.30673,0.049064,0.09978,1.9994,0,0,0,0.72994,0.94383,0.50175,0.03226,0.13347,0,0.75164,0,0,4.1631,0.35696,0,0.4249,0,0.23534,0.69146,0,0,0.7888,0.52535,0.83343,0.1359,2.1831,2.0582,1.7358,1.8133,0.72218,1.6771,0,0,0,0,0.58565,1.3323,0.21345,3.37,1.3005,0,0,0.94281,1.0891,1.0422,1.5276,0,0,0,0,3.5016,0,0.98785,1.199,1.1719,0.29551,0.9084,0.2533,0.21169,0.040446,1.9823,0.14763,0,0,0.33785,0,0,1.0422,0,0,0,1.4195,0,0.63254,0.3639,0.52296,0.16229,0.75783,0,1.1312,1.0728,1.0763,0,1.5732,0.31968,0.50443,0,0,0,0,0,2.854,1.5577,0.44017,1.4848,0.82638,0,0.76831,0.52396,0.11287,1.2525,0,0.80116,2.0454,1.6298,0,0.80222,0,0.83455,1.2845,0,2.6169,0,2.1133,1.461,0.88955,0.17928,0,0,0,0.10451,2.0351,0,0,1.977,0,0,1.2833,0.43099,0,0,0.95326,0.17586,0,0,1.9857,0.19892,1.9336,0.67554,0,0,0,0,0,0,0,0,0,0,0,0,0,0,0,0,0,0,0,0,0,0,0,0,0,0,0,0,0,0,0,0,0,0,0,0,0,0,0,0,0,0,0,0,0,0,0,0,0,0,0,0,0,0,0,0,0,0,0,0,0,0,0,0,0,0,0,0,0,0,0,0,0,0,0,0,0,0,0,0,0,0,0,0,0,0,0,0,0,0,0,0,0,0,0,0,0,0,0,0,0,0,0,0,0,0,0,0,0,0,0,0,0,0,0,0,0,0,0,0,0,0,0,0,0,0,0,0,0,0,0,0,0,0,0,0,0,0,0,0,0,0,0,0,0,0,0,0,0,0,0,0,0,0,0,0,0,0,0,0,0,0,0,0,0,0,0,0,0,0,0,0,0,0,0,0,0,0,0,0,0,0,0,0,0,0,0,0,0,0,0,0,0,0,0,0,0,0,0,0
0.37569,0,2.3451,0.27514,0.37856,2.8403,0,0.88352,0.85744,0,0,0.45316,0.026085,0.094266,0,0.24436,200,1.2354,0,0,1.5593,0,1.465,1.9453,0.20524,0,0,0.96529,1.9304,0.79128,0,1.9578,0.36054,0,0,1.5432,0.15023,0.67835,0,0,0.26058,0,1.0844,0,0,0,0,1.2634,0.7779,0.25049,0.68276,0.92494,0.21498,0.36195,0.39658,1.323,1.7712,0,0,0,1.8951,0.81643,0.10995,1.274,0.10434,0.10418,0.37394,0.15475,0.64855,0.50663,0,2.7238,0,2.7011,0,0,0.66054,0,0,0.3725,0.90516,0,2.8607,0.097096,0,0.119,0,0,0,0.61966,0.72849,0,0.49335,0,0.10401,0,0,0,0.21411,0.075698,1.046,0,0.18698,0.21618,0,0.86003,0.78514,0.78234,0,1.208,0.22567,0,0.70913,1.8968,0.26347,2.2029,0.38734,0,0.052184,1.3546,0,0.36104,0,1.4344,0.78404,0,0,2.9498,0,0,0,0.3026,0,0.32226,1.4978,0,1.6091,0.42146,2.6703,1.6909,1.0829,0.39345,0,0.95491,0.15306,0,0,0,0.36574,1.0145,0.01413,0.37606,0.93112,0,0,0.004172,0.059313,1.9231,0.45715,0,0,0,0,1.134,0.93977,0,0,0,0,1.7322,0.72677,0.54077,0,0.34603,0.28188,0.99057,0.031789,0.08354,0.3333,0.11053,1.1088,0.35037,0,0,1.1291,0,0.53408,0.29158,0,1.4291,1.969,0.10625,0,0.74736,0.45072,0,0.97812,0.28572,1.3628,0.25342,0,0,0,0,0,0,0,0,0,0,0,0,0,0,0,0,0,0,0,0,0,0,0,0,0,0,0,0,0,0,0,0,0,0,0,0,0,0,0,0,0,0,0,0,0,0,0,0,0,0,0,0,0,0,0,0,0,0,0,0,0,0,0,0,0,0,0,0,0,0,0,0,0,0,0,0,0,0,0,0,0,0,0,0,0,0,0,0,0,0,0,0,0,0,0,0,0,0,0,0,0,0,0,0,0,0,0,0,0,0,0,0,0,0,0,0,0,0,0,0,0,0,0,0,0,0,0,0,0,0,0,0,0,0,0,0,0,0,0,0,0,0,0,0,0,0,0,0,0,0,0,0,0,0,0,0,0,0,0,0,0,0,0,0,0,0,0,0,0,0,0,0,0,0,0,0,0,0,0,0,0,0,0,0,0,0,0,0,0,0,0,0,0,0,0,0,0,0,0,0
0.48281,0.34649,0.55426,0.62938,1.5897,0,0,0,0,1.3527,0,0.96018,0,0,0,1.4331,1.2354,201.44,1.2416,0.6697,0.51215,1.7212,0.74494,0,0,0.39525,1.8921,0.83499,0,1.1728,0,0,0,0.51343,1.3165,2.7309,1.5245,0,0,0.1263,1.6338,0.85385,0,0.97057,0,0,2.4185,0,0,0,0,1.1551,0.2127,0.74193,0,1.0695,0,0.082916,0.097741,1.2593,1.6836,0.33516,1.1347,0.31709,0,0.55873,2.7943,0,0,0,2.5312,0.1477,0.92524,2.8634,0.45787,0.31817,0.90095,0,0.35083,0.80853,0.68685,0,0,0.28018,2.2231,1.1128,0,0,0,1.5584,0,1.0254,0,0,1.2115,0.67687,0,0,0,0.55859,0.69961,0.33641,0,1.1176,0.48927,0,0.71002,0,0,0.35837,0.058917,0,0,1.4352,0,0.76609,0,2.8176,0,0.10006,0.78188,0.0017118,3.8422,1.1654,1.0371,0,0.30486,0.12903,0.6471,0,0.80402,1.1584,0.5486,0,0,0,0,0,0,0.073306,0.92562,0.16371,0.44711,0,0,0,0.26812,0.46894,0.73319,0,0.65176,0,0.33432,1.5145,1.5102,0.0718,0.75822,1.119,0,0,1.19,0,1.145,0,0,0,0,0,0.96524,0.54495,0,0.22406,0.66633,0.6491,0.10073,0.15688,0.95692,0.10607,0.56967,0.049051,0,1.1377,0,0.55258,1.3467,1.1351,0,0.85645,0,1.2401,1.0583,0.99619,0.59801,0,0,1.5618,0.95168,0.53681,0,1.6366,0,0,0,0,0,0,0,0,0,0,0,0,0,0,0,0,0,0,0,0,0,0,0,0,0,0,0,0,0,0,0,0,0,0,0,0,0,0,0,0,0,0,0,0,0,0,0,0,0,0,0,0,0,0,0,0,0,0,0,0,0,0,0,0,0,0,0,0,0,0,0,0,0,0,0,0,0,0,0,0,0,0,0,0,0,0,0,0,0,0,0,0,0,0,0,0,0,0,0,0,0,0,0,0,0,0,0,0,0,0,0,0,0,0,0,0,0,0,0,0,0,0,0,0,0,0,0,0,0,0,0,0,0,0,0,0,0,0,0,0,0,0,0,0,0,0,0,0,0,0,0,0,0,0,0,0,0,0,0,0,0,0,0,0,0,0,0,0,0,0,0,0,0,0,0,0,0,0,0,0,0,0,0,0,0,0,0,0,0,0,0,0,0,0,0,0,0,0,0,0
0,0,0,1.7507,0.52638,0.64206,0.90597,0,0,0.74453,1.8665,0,0.32597,0,0,1.4594,0,1.2416,200,0.81938,0.00010893,0.038278,1.6314,0,0.0035605,0,0.51589,0,0.26066,1.3257,0.91858,0.34033,0.60403,0.41851,2.2349,0,0,0.67582,0.85752,1.4418,0.18366,0.67605,0,0.75052,0.0013309,0,0,0,1.2783,0.80674,0.49916,1.3893,0,0.05995,2.4686,1.5179,0.15889,0.4535,1.0257,0,0,3.1487,0.45529,0,0,0,0,0.51872,0.30369,0.97152,0,0.90828,1.2463,0,0,0.59084,0.78729,0.23274,0.44709,0,0.77046,1.0455,1.6458,0,0.45324,0,1.4938,0.49409,1.0281,0,1.566,2.6484,0.44294,0,0.5991,0.91254,0,1.0858,1.1847,0,0.68155,0.85689,0,1.7817,0,0,0,1.7426,0.39368,0,0.61592,1.3949,0,0,0,0,0,0,0,0.7403,0,0.80973,1.8723,0.2564,0.13382,0.75657,0,1.3384,0,0.94483,1.25,1.2016,0.75879,0.8412,0,0.86376,0.74635,0.85586,0,0.4514,1.2601,0,0.0089977,0.52652,0.43842,0,0,0.27167,1.0561,2.2185,0,0.0077543,0,0,0.18324,0.067406,1.8236,1.3111,2.4793,0.36847,0,0.7388,0,0.09368,1.6073,1.1251,0,0,0.44688,1.0699,0,0,0.72044,0,0.84234,0.46466,0.96652,1.7393,0.16412,0,0,1.3417,0.29335,0,0.27154,0.68352,0.1713,1.218,1.1967,0.18693,0,0,0,0.93229,0.57683,1.8918,0,0.1796,0,0.55535,0,0,0,0,0,0,0,0,0,0,0,0,0,0,0,0,0,0,0,0,0,0,0,0,0,0,0,0,0,0,0,0,0,0,0,0,0,0,0,0,0,0,0,0,0,0,0,0,0,0,0,0,0,0,0,0,0,0,0,0,0,0,0,0,0,0,0,0,0,0,0,0,0,0,0,0,0,0,0,0,0,0,0,0,0,0,0,0,0,0,0,0,0,0,0,0,0,0,0,0,0,0,0,0,0,0,0,0,0,0,0,0,0,0,0,0,0,0,0,0,0,0,0,0,0,0,0,0,0,0,0,0,0,0,0,0,0,0,0,0,0,0,0,0,0,0,0,0,0,0,0,0,0,0,0,0,0,0,0,0,0,0,0,0,0,0,0,0,0,0,0,0,0,0,0,0,0,0,0,0,0,0,0,0,0,0,0,0,0,0,0,0,0,0,0,0,0,0,0,0
0,0,0,2.1593,0.18974,1.1434,0.41896,0,0,2.1174,0,0.5219,0.71961,0,0.20665,0.41769,0,0.6697,0.81938,200,0.3769,0,0.28904,0.50552,1.1457,0.6012,0,0,0,0.74122,0.24298,0.30941,1.1908,0,2.0234,1.6968,0,1.3885,0,1.4731,0.039694,0,0.41994,0,0.6136,0.089276,0.34307,0.63133,1.5414,0,0,0,0.55415,0,0,1.1352,0.75342,0,0.89699,0,1.0452,1.7796,0.10537,0.62412,0,0.38479,0.58443,0.2854,0,0,0,0.81223,0.83608,1.5053,0,0,0.49845,0,1.9816,0.049418,0.025003,0.68601,0.48312,0,0,0.80734,0.60025,2.153,0,0,0.3665,0.63622,0.14011,0,1.8608,1.4134,0,0.72333,1.5946,0.73632,0.69541,0,0,1.2237,0,0.45648,0,0,0,0.47478,0,1.7434,0.55976,0,0,0.62377,3.7334,0.7267,0,0.083449,0.87618,1.9409,0.24107,0,1.8893,0.3665,0.10939,0.1564,0.066086,0,3.0638,1.0099,1.9913,0,0,0.61348,1.8059,2.1179,0.88612,0,2.3368,1.8142,1.3225,2.0554,0,3.4007,0.23933,2.4149,0.91068,1.4484,0,0,1.188,0.64876,0.22624,1.0465,3.4304,0.70223,0.72938,0.87778,0,0,1.4691,0,0.16766,1.0507,0.89466,2.1811,0.81793,1.6572,0,0,0,0.1625,0,0.58346,0.05997,0.40869,0,1.7484,0.8222,0,0,1.6433,0,0.20361,1.2959,0.22687,0.61096,0.046898,1.6001,0.87862,0,1.3085,0.50888,0.29361,0.62155,0.03922,0,1.6082,0,0,0,0,0,0,0,0,0,0,0,0,0,0,0,0,0,0,0,0,0,0,0,0,0,0,0,0,0,0,0,0,0,0,0,0,0,0,0,0,0,0,0,0,0,0,0,0,0,0,0,0,0,0,0,0,0,0,0,0,0,0,0,0,0,0,0,0,0,0,0,0,0,0,0,0,0,0,0,0,0,0,0,0,0,0,0,0,0,0,0,0,0,0,0,0,0,0,0,0,0,0,0,0,0,0,0,0,0,0,0,0,0,0,0,0,0,0,0,0,0,0,0,0,0,0,0,0,0,0,0,0,0,0,0,0,0,0,0,0,0,0,0,0,0,0,0,0,0,0,0,0,0,0,0,0,0,0,0,0,0,0,0,0,0,0,0,0,0,0,0,0,0,0,0,0,0,0,0,0,0,0,0,0,0,0,0,0,0,0,0,0,0,0,0,0,0,0,0,0
0.33921,1.1221,0,0.30991,0,2.8704,0,0.18495,0,0,0.47285,0.64382,0.10311,0,0.49599,0,1.5593,0.51215,0.00010893,0.3769,200,1.3385,1.3662,0.60245,0.050489,1.4167,0,1.8549,0.049399,1.2026,0.033974,2.0441,0,0,0.80338,0,0,0.27722,0.53987,1.1041,0.49011,1.2822,3.8824,0.27381,0.06124,1.1402,0.26339,0,0.50579,1.6264,0,0.40846,0,0.41892,1.4688,1.709,0,0,0,0.27693,0.93837,1.3828,0,0,0.14452,2.8774,0,0,0,0.79738,0.87451,1.7112,1.3703,0,1.444,0.25838,0,0,0.55015,0,0.81363,0,0,0.8007,0.047024,0,0,0,1.02,0,1.1916,0.19887,0.11024,0.33116,0.24682,0,0.12234,0,0.47982,0.6314,1.3141,0,0.66547,0.36271,1.5706,0,0.62102,1.9271,2.0596,2.6631,3.1153,0.19096,0,1.3195,0,0,0,0,1.565,0,1.6799,0,0.86688,0,0.61955,0,3.0998,0,0.2378,0,1.9771,0,0.78596,0.78154,0.046271,3.2263,0.65451,1.0102,0,0.4466,0,0.82746,1.345,0.054702,1.1362,0.96891,0,0.1056,1.2241,1.1919,0.93337,0.64368,0,1.2591,1.0182,0.76668,0.17825,1.022,0,0,0,0.50449,0,0,0,2.7958,0.65211,0.1305,0,0.039792,0.79019,0,2.0463,0.15739,0.22904,0.087392,1.7279,0.35278,1.4443,0,0.66302,3.8868,1.8935,0.051766,1.5603,0,0,0,0.14609,1.6263,0,0.52967,0.18145,1.4726,0,0,0,0.71803,0.53862,1.2747,0,0,0,0,0,0,0,0,0,0,0,0,0,0,0,0,0,0,0,0,0,0,0,0,0,0,0,0,0,0,0,0,0,0,0,0,0,0,0,0,0,0,0,0,0,0,0,0,0,0,0,0,0,0,0,0,0,0,0,0,0,0,0,0,0,0,0,0,0,0,0,0,0,0,0,0,0,0,0,0,0,0,0,0,0,0,0,0,0,0,0,0,0,0,0,0,0,0,0,0,0,0,0,0,0,0,0,0,0,0,0,0,0,0,0,0,0,0,0,0,0,0,0,0,0,0,0,0,0,0,0,0,0,0,0,0,0,0,0,0,0,0,0,0,0,0,0,0,0,0,0,0,0,0,0,0,0,0,0,0,0,0,0,0,0,0,0,0,0,0,0,0,0,0,0,0,0,0,0,0,0,0,0,0,0,0,0,0,0,0,0,0,0,0,0,0,0,0,0,0
0,0.3298,0,0.3752,0,0.22462,0,2.7363,0,0,1.196,1.5113,0,0,0,0.14144,0,1.7212,0.038278,0,1.3385,200.58,1.2234,0,0.43739,2.6867,0.67758,0.061586,0.16603,0,0,0.93962,0.67602,1.5209,0.16828,0.959,0.97626,0,0,0,0,0.60904,3.0681,0.4189,0,0.23498,0.86139,0.098528,0.55397,0.85839,0.18413,0.41669,0,0.90108,0.53653,0.61161,0.23418,0.50814,0.90199,0,0,0,0.66696,0,0.37106,0.49732,0.33682,2.8039,1.1772,0.85004,1.0384,1.8696,0.28813,0.29747,0,0,0,0,0.32448,1.5268,0,0,0.47733,0.69325,2.3205,2.3531,0,0.62973,0,0,1.6293,0,0,1.447,0,0.71567,1.8058,0,2.2044,0,0,0.8063,0.94792,0,1.5086,0.092345,0.093274,0,0,0.83749,1.2927,0.46287,0.41508,0,0.50999,0.55715,3.0711,1.2371,0,1.6261,0.039087,0.75265,0.47646,0.7818,0,2.6152,1.0291,0.70568,0,0,0.43344,1.1448,0,0,3.6521,1.44,1.916,1.6077,0.2094,0,0,0.65123,0,0.5887,0.10304,0,0,0.32427,1.848,0.81286,0,0,0,0.78477,1.3362,0,3.8853,0,0,1.6007,0,0,0,0,0.758,0,0,0.03288,0,1.5492,0,0.48955,0.93656,0.48142,0.08308,0.15287,0,0,0,0.19493,0,0.12165,0,0.615,1.0633,1.0902,0,0.39345,0,0.41882,0,0,0,0,0.70226,0,0.44439,0,0.09798,0,0,0,0,0,0,0,0,0,0,0,0,0,0,0,0,0,0,0,0,0,0,0,0,0,0,0,0,0,0,0,0,0,0,0,0,0,0,0,0,0,0,0,0,0,0,0,0,0,0,0,0,0,0,0,0,0,0,0,0,0,0,0,0,0,0,0,0,0,0,0,0,0,0,0,0,0,0,0,0,0,0,0,0,0,0,0,0,0,0,0,0,0,0,0,0,0,0,0,0,0,0,0,0,0,0,0,0,0,0,0,0,0,0,0,0,0,0,0,0,0,0,0,0,0,0,0,0,0,0,0,0,0,0,0,0,0,0,0,0,0,0,0,0,0,0,0,0,0,0,0,0,0,0,0,0,0,0,0,0,0,0,0,0,0,0,0,0,0,0,0,0,0,0,0,0,0,0,0,0,0,0,0,0,0,0,0,0,0,0,0,0,0,0,0,0,0,0,0,0,0
0.32222,0.68102,0.70616,1.8505,2.71,0.21913,0.53767,0.25365,1.5773,1.5071,0,0.34334,0.47917,0,0,0.16565,1.465,0.74494,1.6314,0.28904,1.3662,1.2234,200,0.42891,0,0.75788,0.17887,3.9227,0,0,1.2621,0.76976,0.63522,0,0,0,0,1.2569,0,0,0.21382,0,0,0,0.17641,1.342,0.14889,0.42742,0,0.98342,0,0,1.2747,0.39826,0.067018,0.63539,1.4121,0.34847,0,0,1.9195,0.62356,0.22948,0.50517,0.84621,0,1.3471,0,1.2518,0.66151,0,0,0.96513,0.95436,1.7643,0,0.13297,0.54993,0.28805,0.028477,0.57712,0.72564,0.079601,1.3948,1.5882,0.52052,0.83394,1.0638,0.40586,0,0,1.0808,0,0.49791,1.2691,0.73729,0.32476,1.1107,0.31619,2.2033,0.69637,0.48215,0.41398,0.3916,0.95986,2.2332,0.78846,2.9249,0,1.4062,0,1.8671,0,0,1.3635,0.58901,0.36633,0,0.069682,0,0.042314,1.2076,0.66621,0.84038,0,1.7387,1.0339,1.2086,0,0.80761,0,1.2835,0.15572,0,1.9721,0.28769,0.6206,1.9834,0.94426,0,0,3.4632,4.0811,0.081887,3.2201,0,0,0,1.8808,1.4882,0,1.5776,0.55067,1.8563,0.64889,1.2033,0,0.35027,0.24004,0,0.75807,0.03446,0.8712,0,1.7383,0,0.011076,0.49858,0,1.2185,0.91382,1.1957,0.66609,0.37405,0.12541,1.4092,0,2.3384,0,1.1467,0,1.6624,0.24516,0.16939,2.6365,1.5229,0.26797,1.9993,0.43449,0,0,0.073527,3.1463,1.2197,0,0.37414,0,0,0,2.1406,0,0,0,0,0,0,0,0,0,0,0,0,0,0,0,0,0,0,0,0,0,0,0,0,0,0,0,0,0,0,0,0,0,0,0,0,0,0,0,0,0,0,0,0,0,0,0,0,0,0,0,0,0,0,0,0,0,0,0,0,0,0,0,0,0,0,0,0,0,0,0,0,0,0,0,0,0,0,0,0,0,0,0,0,0,0,0,0,0,0,0,0,0,0,0,0,0,0,0,0,0,0,0,0,0,0,0,0,0,0,0,0,0,0,0,0,0,0,0,0,0,0,0,0,0,0,0,0,0,0,0,0,0,0,0,0,0,0,0,0,0,0,0,0,0,0,0,0,0,0,0,0,0,0,0,0,0,0,0,0,0,0,0,0,0,0,0,0,0,0,0,0,0,0,0,0,0,0,0,0,0,0,0,0,0,0,0,0,0,0,0,0,0,0,0,0,0,0,0,0
0,3.0374,0,0,2.5104,0,1.1295,0.6353,0,1.583,1.7972,0.50431,0.59547,0,0.093399,0.64636,1.9453,0,0,0.50552,0.60245,0,0.42891,200,0,0,0.32663,0.021549,2.2649,1.7704,0,0.34442,0,1.3987,1.3838,0.57394,0,0,0,0.12359,0.95465,0.099307,1.2472,1.2824,0,0,0,0.7877,0.3896,0,1.5147,1.5594,3.3767,0.84547,0,0,0,0.16782,0.84947,0,0.28716,2.3371,2.1147,1.6871,0,0,0,0,0,1.4313,0,0.23659,0.15279,3.7171,0.68898,2.489,1.6238,0.37725,0.49434,0.87594,0,2.6948,0.13809,1.9653,1.3345,0.67744,0.24142,0.30218,0.93937,0,1.0599,1.3622,0,0,0,0.34185,0.36032,0.49429,0.96074,0.95275,0,0,0.86722,2.5655,0.16685,0,1.7572,0,1.7209,0,0.89493,0,0.096837,1.3334,0.54001,0.70762,0.44791,0.90318,0,1.0076,0,0,0,3.0584,0.17473,0,0.50868,1.2032,0.39102,0,0,0,0,1.9166,0.62583,1.1014,0.39801,0,1.1325,0,1.4522,0.52437,0.31955,1.056,0,3.762,1.1087,0,1.68,0,2.0425,0,0.61359,0,0,0.60378,0,0.086411,0.13939,1.0265,1.6142,0.67552,1.9067,0,0.045768,2.161,0,1.3559,0,0,0,0.78624,1.8153,0,0.31709,1.6148,0.1572,0,0.12583,0,0.6229,0.1705,0,0,0,0,0.33881,2.6639,0.25597,0.66778,2.1506,0,1.7523,0,2.0531,0.59111,0,1.4966,0,1.2188,0,0,0,0,0,0,0,0,0,0,0,0,0,0,0,0,0,0,0,0,0,0,0,0,0,0,0,0,0,0,0,0,0,0,0,0,0,0,0,0,0,0,0,0,0,0,0,0,0,0,0,0,0,0,0,0,0,0,0,0,0,0,0,0,0,0,0,0,0,0,0,0,0,0,0,0,0,0,0,0,0,0,0,0,0,0,0,0,0,0,0,0,0,0,0,0,0,0,0,0,0,0,0,0,0,0,0,0,0,0,0,0,0,0,0,0,0,0,0,0,0,0,0,0,0,0,0,0,0,0,0,0,0,0,0,0,0,0,0,0,0,0,0,0,0,0,0,0,0,0,0,0,0,0,0,0,0,0,0,0,0,0,0,0,0,0,0,0,0,0,0,0,0,0,0,0,0,0,0,0,0,0,0,0,0,0,0,0,0,0,0,0,0,0,0,0,0,0,0,0
0.087815,0,0,1.175,2.1672,2.6467,0,1.2782,0.22808,0.94848,0.35813,0.91965,1.9481,0,0,1.2247,0.20524,0,0.0035605,1.1457,0.050489,0.43739,0,0,199.77,0.077524,0.88533,0.1896,0,1.3593,0,0.011518,0.71988,0.15861,0.82723,0.13995,0,0.78907,1.3145,0.5769,0.55891,0,1.6639,0.64407,2.2857,1.3508,0.033689,2.126,0,0.83587,1.8888,0,1.7336,2.4558,0.90156,0,1.6805,0,0.46845,0,1.7707,0,0.15326,1.156,0.10182,0,0.80935,0,1.623,1.2537,0.44511,0,0.91288,0,0.37391,0,0,0,0,1.3212,0.19154,1.5272,0,1.7658,0,0.26597,0.022072,0.30633,1.6018,0,0,0,0.7233,0,0,0.75158,0.059922,0,0.61817,0,0,0.27771,0,2.6036,0.020961,1.4932,0.2865,0,1.6702,0.77442,1.8765,0,0,2.8735,0,0,1.5927,0.2349,0,2.564,0,0,0,0.27313,0.16896,0.62173,1.3101,0.074064,0.25342,1.9286,0.15541,0,0,0.95452,0,0,1.5474,0,0,0,0,2.4959,0,0.80887,1.0802,0.78671,2.3475,4.0323,0.78907,0,1.6875,0,0,1.7938,2.7822,0,0.35923,0,0,0.66347,0.57556,0,0,0,0.0065745,1.3398,0.37812,1.9534,1.4031,0,0,0.70265,0.1368,0,1.1423,0.48115,0,0,0,0,1.0921,0.44466,2.1076,0,0.5107,0.94044,0.53296,0,1.0603,0,0,0.91446,0.69343,1.4882,0.34353,0.59744,1.0695,0.54806,1.7065,0.041626,0,0,0,0,0,0,0,0,0,0,0,0,0,0,0,0,0,0,0,0,0,0,0,0,0,0,0,0,0,0,0,0,0,0,0,0,0,0,0,0,0,0,0,0,0,0,0,0,0,0,0,0,0,0,0,0,0,0,0,0,0,0,0,0,0,0,0,0,0,0,0,0,0,0,0,0,0,0,0,0,0,0,0,0,0,0,0,0,0,0,0,0,0,0,0,0,0,0,0,0,0,0,0,0,0,0,0,0,0,0,0,0,0,0,0,0,0,0,0,0,0,0,0,0,0,0,0,0,0,0,0,0,0,0,0,0,0,0,0,0,0,0,0,0,0,0,0,0,0,0,0,0,0,0,0,0,0,0,0,0,0,0,0,0,0,0,0,0,0,0,0,0,0,0,0,0,0,0,0,0,0,0,0,0,0,0,0,0,0,0,0,0,0,0,0,0,0,0,0,0
0,0,0.51467,0.33531,0.13153,0.74783,1.0999,0.28628,0,1.8846,0.42482,1.4874,0.38121,0,0.78592,2.8006,0,0.39525,0,0.6012,1.4167,2.6867,0.75788,0,0.077524,200,0.24944,0.10707,0.61476,1.1504,0,0,1.9543,0.76306,0,0.46311,0.52618,0,0,0,0,0,0.18584,0,0.28122,0,0.74854,0,0.44643,0.1955,0,0,0,0,1.3589,1.357,0,0.57288,0.49467,0,0,0,0,3.3064,0.98466,2.4692,0,0.61235,0.56134,0.021786,0.65673,0.93045,0,1.7532,0,0.20266,0.47545,0,0,0.48927,0.49056,0.35393,0.46451,0,2.3611,1.0938,0,0.2311,3.9156,2.9075,0.88097,0,0.012956,0.7107,0,1.3716,0,0.96569,0.41385,0.96994,3.0545,0,1.1778,3.6556,1.0068,1.2045,0.5571,2.1326,1.0374,4.4136,0,0,1.2818,1.601,0,0,0,1.5278,0,0.38299,0.78505,0,0.22733,1.8704,0,0.51023,0,0,0,2.4281,0.98001,0,0.070363,0,1.3591,0.12016,0.34867,0.67149,0,1.4572,0.83624,0.97248,0,0,0.91643,2.285,2.8236,0.27487,1.0874,0,2.2933,1.3072,0.54029,2.5753,0,1.8579,0,0.8307,0.70914,0,0,0,0,1.3907,1.1557,0,0.25595,1.3785,0.46108,0.40672,0.014487,1.0024,0.5716,2.2504,0.696,0,0.39761,0.36327,0.034576,0.55432,0.66635,0,0.2484,0,1.3613,0,0,0.13789,0.6461,0,0,0,0.68824,1.2349,1.8268,0.13982,0.25028,0.062936,0,0.86744,0,0,0,0,0,0,0,0,0,0,0,0,0,0,0,0,0,0,0,0,0,0,0,0,0,0,0,0,0,0,0,0,0,0,0,0,0,0,0,0,0,0,0,0,0,0,0,0,0,0,0,0,0,0,0,0,0,0,0,0,0,0,0,0,0,0,0,0,0,0,0,0,0,0,0,0,0,0,0,0,0,0,0,0,0,0,0,0,0,0,0,0,0,0,0,0,0,0,0,0,0,0,0,0,0,0,0,0,0,0,0,0,0,0,0,0,0,0,0,0,0,0,0,0,0,0,0,0,0,0,0,0,0,0,0,0,0,0,0,0,0,0,0,0,0,0,0,0,0,0,0,0,0,0,0,0,0,0,0,0,0,0,0,0,0,0,0,0,0,0,0,0,0,0,0,0,0,0,0,0,0,0,0,0,0,0,0,0,0,0,0,0,0,0,0,0,0,0,0,0
